<?xml version="1.0"?>
<opencv_storage>
<Calibrate_Accuracy>2.7307744431829561e-01</Calibrate_Accuracy>
<Camera_Matrix type_id="opencv-matrix">
  <rows>3</rows>
  <cols>3</cols>
  <dt>d</dt>
  <data>
    6.1672266607479094e+02 0. 3.3328439223549117e+02 0.
    6.1714086984623975e+02 2.2682053338921150e+02 0. 0. 1.</data></Camera_Matrix>
<Distortion_Coefficients type_id="opencv-matrix">
  <rows>5</rows>
  <cols>1</cols>
  <dt>d</dt>
  <data>
    4.8352003209369568e-02 -2.9872714569256542e-01 0. 0.
    6.9677029897061249e-01</data></Distortion_Coefficients>
<Rotation_Vector>
  <_ type_id="opencv-matrix">
    <rows>3</rows>
    <cols>1</cols>
    <dt>d</dt>
    <data>
      -2.5163413814072216e-01 1.6280319494246634e-01
      3.0808952852451621e+00</data></_>
  <_ type_id="opencv-matrix">
    <rows>3</rows>
    <cols>1</cols>
    <dt>d</dt>
    <data>
      1.3908871238114656e-01 1.2636700824755731e-01
      -3.0751684124206768e+00</data></_>
  <_ type_id="opencv-matrix">
    <rows>3</rows>
    <cols>1</cols>
    <dt>d</dt>
    <data>
      1.2118011505006074e-01 -5.7701136568363308e-02
      2.9509956035504175e+00</data></_>
  <_ type_id="opencv-matrix">
    <rows>3</rows>
    <cols>1</cols>
    <dt>d</dt>
    <data>
      -1.1926391182481745e-01 1.1553729282232408e-01
      -3.1124399891819272e+00</data></_>
  <_ type_id="opencv-matrix">
    <rows>3</rows>
    <cols>1</cols>
    <dt>d</dt>
    <data>
      3.8642120776771205e-01 1.2102212081749475e-01
      2.9825894695302373e+00</data></_>
  <_ type_id="opencv-matrix">
    <rows>3</rows>
    <cols>1</cols>
    <dt>d</dt>
    <data>
      3.1630055265332108e-01 8.8276045477378620e-02
      3.0000327142493965e+00</data></_>
  <_ type_id="opencv-matrix">
    <rows>3</rows>
    <cols>1</cols>
    <dt>d</dt>
    <data>
      -4.1346971033031821e-01 2.9143203581577497e-02
      -2.9863571020925876e+00</data></_>
  <_ type_id="opencv-matrix">
    <rows>3</rows>
    <cols>1</cols>
    <dt>d</dt>
    <data>
      2.7653528880723993e-01 -2.1586556216428859e-01
      2.9832154277026683e+00</data></_>
  <_ type_id="opencv-matrix">
    <rows>3</rows>
    <cols>1</cols>
    <dt>d</dt>
    <data>
      -3.9276084948698808e-01 1.0118505781735576e-01
      -3.0396774505204989e+00</data></_>
  <_ type_id="opencv-matrix">
    <rows>3</rows>
    <cols>1</cols>
    <dt>d</dt>
    <data>
      -5.8092255507317481e-01 8.3782345167989158e-02
      -3.0346394855242931e+00</data></_>
  <_ type_id="opencv-matrix">
    <rows>3</rows>
    <cols>1</cols>
    <dt>d</dt>
    <data>
      -4.7109423216044305e-01 2.4444288953863993e-01
      -3.0212639826649781e+00</data></_>
  <_ type_id="opencv-matrix">
    <rows>3</rows>
    <cols>1</cols>
    <dt>d</dt>
    <data>
      6.9239346941001345e-01 -4.5351014825740305e-01
      3.0298527890196132e+00</data></_>
  <_ type_id="opencv-matrix">
    <rows>3</rows>
    <cols>1</cols>
    <dt>d</dt>
    <data>
      -8.5993310402725354e-01 3.1060214665855446e-01
      -2.9726629893468792e+00</data></_>
  <_ type_id="opencv-matrix">
    <rows>3</rows>
    <cols>1</cols>
    <dt>d</dt>
    <data>
      -6.6884658429216248e-01 4.1771210052754709e-01
      -2.8424116776203490e+00</data></_>
  <_ type_id="opencv-matrix">
    <rows>3</rows>
    <cols>1</cols>
    <dt>d</dt>
    <data>
      -2.5325923743468282e-01 2.0030943766966064e-01
      -2.9831741919074548e+00</data></_></Rotation_Vector>
<Translation_vector>
  <_ type_id="opencv-matrix">
    <rows>3</rows>
    <cols>1</cols>
    <dt>d</dt>
    <data>
      1.2149752613570977e+00 8.8917266482134860e-01
      2.9020089399135134e+01</data></_>
  <_ type_id="opencv-matrix">
    <rows>3</rows>
    <cols>1</cols>
    <dt>d</dt>
    <data>
      -1.4132630158877579e+00 3.0949643018207014e+00
      2.7864996800066564e+01</data></_>
  <_ type_id="opencv-matrix">
    <rows>3</rows>
    <cols>1</cols>
    <dt>d</dt>
    <data>
      1.1763216517068651e+00 -6.0912445385188019e-01
      2.7435860690682308e+01</data></_>
  <_ type_id="opencv-matrix">
    <rows>3</rows>
    <cols>1</cols>
    <dt>d</dt>
    <data>
      2.1007529682907000e+00 1.0647954768940920e+01
      3.0437759357062099e+01</data></_>
  <_ type_id="opencv-matrix">
    <rows>3</rows>
    <cols>1</cols>
    <dt>d</dt>
    <data>
      -4.4231937542505477e+00 7.6836495214418754e+00
      3.0295929149016484e+01</data></_>
  <_ type_id="opencv-matrix">
    <rows>3</rows>
    <cols>1</cols>
    <dt>d</dt>
    <data>
      -1.3387881835107085e+00 -5.9535784495234823e-01
      3.0438602002044696e+01</data></_>
  <_ type_id="opencv-matrix">
    <rows>3</rows>
    <cols>1</cols>
    <dt>d</dt>
    <data>
      8.5832324338785835e+00 7.4352190882316984e+00
      3.1829409851462298e+01</data></_>
  <_ type_id="opencv-matrix">
    <rows>3</rows>
    <cols>1</cols>
    <dt>d</dt>
    <data>
      1.6134011644515965e+01 -8.2627337961970498e-02
      3.6716004782449168e+01</data></_>
  <_ type_id="opencv-matrix">
    <rows>3</rows>
    <cols>1</cols>
    <dt>d</dt>
    <data>
      1.4781780615947744e+01 6.1133611053267076e+00
      3.7604882502810909e+01</data></_>
  <_ type_id="opencv-matrix">
    <rows>3</rows>
    <cols>1</cols>
    <dt>d</dt>
    <data>
      4.4237740603140665e+00 7.0672744009219601e-01
      3.4461904029048902e+01</data></_>
  <_ type_id="opencv-matrix">
    <rows>3</rows>
    <cols>1</cols>
    <dt>d</dt>
    <data>
      2.5881545716366210e+00 5.6172054302336949e-01
      2.4976090899072911e+01</data></_>
  <_ type_id="opencv-matrix">
    <rows>3</rows>
    <cols>1</cols>
    <dt>d</dt>
    <data>
      -1.7186527119620971e+00 8.7649394033946393e-01
      2.5728389464694526e+01</data></_>
  <_ type_id="opencv-matrix">
    <rows>3</rows>
    <cols>1</cols>
    <dt>d</dt>
    <data>
      -1.5707224732621670e-02 1.2400758450042013e+00
      2.5025037333992955e+01</data></_>
  <_ type_id="opencv-matrix">
    <rows>3</rows>
    <cols>1</cols>
    <dt>d</dt>
    <data>
      1.4110298306239786e+00 3.8356973463088093e+00
      2.3808487232256557e+01</data></_>
  <_ type_id="opencv-matrix">
    <rows>3</rows>
    <cols>1</cols>
    <dt>d</dt>
    <data>
      3.8177123201546488e+00 5.1150493750214086e+00
      1.9351773002483966e+01</data></_></Translation_vector>
<image_size>
  640 480</image_size>
<pattern_size>
  9 6</pattern_size>
<n_frames>15</n_frames>
<asy>0</asy>
<thresholds></thresholds>
<sizes></sizes>
