<?xml version="1.0"?>
<opencv_storage>
<Calibrate_Accuracy>1.6204963959705340e-01</Calibrate_Accuracy>
<Camera_Matrix type_id="opencv-matrix">
  <rows>3</rows>
  <cols>3</cols>
  <dt>d</dt>
  <data>
    8.0250283286317131e+02 0. 3.2262819524104265e+02 0.
    8.0804972282397159e+02 2.4837684893468250e+02 0. 0. 1.</data></Camera_Matrix>
<Distortion_Coefficients type_id="opencv-matrix">
  <rows>5</rows>
  <cols>1</cols>
  <dt>d</dt>
  <data>
    -3.6482907281622767e-01 2.9097431094847415e-01 0. 0.
    -2.6330934368821540e-01</data></Distortion_Coefficients>
<Rotation_Vector>
  <_ type_id="opencv-matrix">
    <rows>3</rows>
    <cols>1</cols>
    <dt>d</dt>
    <data>
      8.5508890627260525e-02 -8.2516156057197837e-02
      -2.9225308588537374e-02</data></_>
  <_ type_id="opencv-matrix">
    <rows>3</rows>
    <cols>1</cols>
    <dt>d</dt>
    <data>
      3.4564959445507637e-01 6.2152244144626327e-02
      1.3241774982981522e-02</data></_>
  <_ type_id="opencv-matrix">
    <rows>3</rows>
    <cols>1</cols>
    <dt>d</dt>
    <data>
      3.1638643429392227e-01 -1.5380682582974903e-01
      -1.2997050481846820e-01</data></_>
  <_ type_id="opencv-matrix">
    <rows>3</rows>
    <cols>1</cols>
    <dt>d</dt>
    <data>
      1.2606238781457288e-01 2.9969776744340010e-02
      -5.4614017521462402e-02</data></_>
  <_ type_id="opencv-matrix">
    <rows>3</rows>
    <cols>1</cols>
    <dt>d</dt>
    <data>
      3.0474023700463632e-01 -1.0974603450909261e-02
      5.1074450167214687e-02</data></_>
  <_ type_id="opencv-matrix">
    <rows>3</rows>
    <cols>1</cols>
    <dt>d</dt>
    <data>
      3.0359524362224616e-01 8.6143467527711834e-02
      1.0026163195645831e-01</data></_>
  <_ type_id="opencv-matrix">
    <rows>3</rows>
    <cols>1</cols>
    <dt>d</dt>
    <data>
      1.7590548799812697e-01 -5.1091696150394307e-02
      2.2442826923209358e-01</data></_>
  <_ type_id="opencv-matrix">
    <rows>3</rows>
    <cols>1</cols>
    <dt>d</dt>
    <data>
      1.0451513729405904e-01 1.7837015341795004e-01
      4.3748790845991134e-02</data></_>
  <_ type_id="opencv-matrix">
    <rows>3</rows>
    <cols>1</cols>
    <dt>d</dt>
    <data>
      5.5145092490122997e-02 2.8181587287876014e-01
      -4.7426385794974400e-02</data></_>
  <_ type_id="opencv-matrix">
    <rows>3</rows>
    <cols>1</cols>
    <dt>d</dt>
    <data>
      1.2559931371520847e-01 9.8669744180985286e-02
      1.7948292544411013e-01</data></_>
  <_ type_id="opencv-matrix">
    <rows>3</rows>
    <cols>1</cols>
    <dt>d</dt>
    <data>
      -2.0385332751685364e-01 2.2697051283898242e-01
      3.7869282092060044e-02</data></_>
  <_ type_id="opencv-matrix">
    <rows>3</rows>
    <cols>1</cols>
    <dt>d</dt>
    <data>
      1.5906093435314912e-02 4.9896956240912532e-01
      1.1908358930690198e-01</data></_>
  <_ type_id="opencv-matrix">
    <rows>3</rows>
    <cols>1</cols>
    <dt>d</dt>
    <data>
      -2.7053920166603762e-01 1.4438344843084705e-01
      9.9772480595191643e-02</data></_>
  <_ type_id="opencv-matrix">
    <rows>3</rows>
    <cols>1</cols>
    <dt>d</dt>
    <data>
      -4.5452913893704094e-02 -1.3444368879690954e-02
      1.4250195881679129e-01</data></_>
  <_ type_id="opencv-matrix">
    <rows>3</rows>
    <cols>1</cols>
    <dt>d</dt>
    <data>
      -9.4284299084080481e-02 3.0586382188027578e-01
      2.6876223651190051e-02</data></_></Rotation_Vector>
<Translation_vector>
  <_ type_id="opencv-matrix">
    <rows>3</rows>
    <cols>1</cols>
    <dt>d</dt>
    <data>
      -3.9510114754420713e+00 -3.6803613622087985e+00
      1.7394411016669611e+01</data></_>
  <_ type_id="opencv-matrix">
    <rows>3</rows>
    <cols>1</cols>
    <dt>d</dt>
    <data>
      -2.9136079212659647e+00 -3.1075714211619299e+00
      1.5491419491554199e+01</data></_>
  <_ type_id="opencv-matrix">
    <rows>3</rows>
    <cols>1</cols>
    <dt>d</dt>
    <data>
      -3.3008828221133393e+00 -2.3850555656130727e+00
      1.4227169688702212e+01</data></_>
  <_ type_id="opencv-matrix">
    <rows>3</rows>
    <cols>1</cols>
    <dt>d</dt>
    <data>
      -2.9744249055707579e+00 -3.6493638448152708e+00
      1.3318395285730018e+01</data></_>
  <_ type_id="opencv-matrix">
    <rows>3</rows>
    <cols>1</cols>
    <dt>d</dt>
    <data>
      -3.1484125678132928e+00 -1.3063297597704140e+00
      1.3982811845263779e+01</data></_>
  <_ type_id="opencv-matrix">
    <rows>3</rows>
    <cols>1</cols>
    <dt>d</dt>
    <data>
      -5.7085032159689622e+00 -1.1786217288709298e+00
      1.5405909499586096e+01</data></_>
  <_ type_id="opencv-matrix">
    <rows>3</rows>
    <cols>1</cols>
    <dt>d</dt>
    <data>
      -5.5733717640432641e+00 -3.7770060639563670e+00
      1.6998873328667123e+01</data></_>
  <_ type_id="opencv-matrix">
    <rows>3</rows>
    <cols>1</cols>
    <dt>d</dt>
    <data>
      2.5378583147493234e+00 -6.4010826098404641e+00
      2.0848131452251721e+01</data></_>
  <_ type_id="opencv-matrix">
    <rows>3</rows>
    <cols>1</cols>
    <dt>d</dt>
    <data>
      1.3231417675880788e+00 -5.9087190985583626e-01
      2.3648959128305481e+01</data></_>
  <_ type_id="opencv-matrix">
    <rows>3</rows>
    <cols>1</cols>
    <dt>d</dt>
    <data>
      -9.3390203453622844e-01 -4.3130676953605089e+00
      1.7683714940735488e+01</data></_>
  <_ type_id="opencv-matrix">
    <rows>3</rows>
    <cols>1</cols>
    <dt>d</dt>
    <data>
      -1.5704911013563316e+00 -1.4788722876447205e+00
      2.0055210345135208e+01</data></_>
  <_ type_id="opencv-matrix">
    <rows>3</rows>
    <cols>1</cols>
    <dt>d</dt>
    <data>
      -3.0173643305829909e+00 -4.9500166770667864e+00
      2.0118277632965015e+01</data></_>
  <_ type_id="opencv-matrix">
    <rows>3</rows>
    <cols>1</cols>
    <dt>d</dt>
    <data>
      -4.7135664814087939e+00 -1.3871889099608248e+00
      1.7804217217586611e+01</data></_>
  <_ type_id="opencv-matrix">
    <rows>3</rows>
    <cols>1</cols>
    <dt>d</dt>
    <data>
      -4.9452209337444293e+00 -2.1203625548652330e+00
      1.4935225788725486e+01</data></_>
  <_ type_id="opencv-matrix">
    <rows>3</rows>
    <cols>1</cols>
    <dt>d</dt>
    <data>
      -3.4310081803904415e+00 -2.5471943991349475e+00
      1.2622372991121471e+01</data></_></Translation_vector>
<image_size>
  640 480</image_size>
<pattern_size>
  5 4</pattern_size>
<n_frames>15</n_frames>
<asy>0</asy>
<thresholds>
  107. 90. 89. 97. 87. 86. 93. 105. 115. 100. 140. 117. 143. 113. 114.</thresholds>
<sizes>
  253 210 281 227 307 265 338 284 307 248 269 241 270 242 209 177 193
  161 272 237 239 196 218 200 277 234 315 276 371 326</sizes>
