<?xml version="1.0"?>
<opencv_storage>
<Calibrate_Accuracy>2.0401318843299915e-01</Calibrate_Accuracy>
<Camera_Matrix type_id="opencv-matrix">
  <rows>3</rows>
  <cols>3</cols>
  <dt>d</dt>
  <data>
    8.3529784523938145e+02 0. 3.2747668072588101e+02 0.
    8.4122079288851478e+02 2.4541163399865954e+02 0. 0. 1.</data></Camera_Matrix>
<Distortion_Coefficients type_id="opencv-matrix">
  <rows>5</rows>
  <cols>1</cols>
  <dt>d</dt>
  <data>
    -3.1784769291230347e-01 -3.9577709025092966e-01 0. 0.
    1.8423685732700950e+00</data></Distortion_Coefficients>
<Rotation_Vector>
  <_ type_id="opencv-matrix">
    <rows>3</rows>
    <cols>1</cols>
    <dt>d</dt>
    <data>
      8.5430373420778846e-02 -8.3153584436646846e-02
      -2.9246788180586656e-02</data></_>
  <_ type_id="opencv-matrix">
    <rows>3</rows>
    <cols>1</cols>
    <dt>d</dt>
    <data>
      3.4088444252117017e-01 7.0974263875368759e-02
      1.3195943073956216e-02</data></_>
  <_ type_id="opencv-matrix">
    <rows>3</rows>
    <cols>1</cols>
    <dt>d</dt>
    <data>
      3.1143739778623675e-01 -1.5716387266533563e-01
      -1.2840354280903057e-01</data></_>
  <_ type_id="opencv-matrix">
    <rows>3</rows>
    <cols>1</cols>
    <dt>d</dt>
    <data>
      1.2139847973278298e-01 4.0337621009630606e-02
      -5.3525206868002467e-02</data></_>
  <_ type_id="opencv-matrix">
    <rows>3</rows>
    <cols>1</cols>
    <dt>d</dt>
    <data>
      3.0673401397516742e-01 -1.8151765786250888e-02
      5.2092177554536406e-02</data></_>
  <_ type_id="opencv-matrix">
    <rows>3</rows>
    <cols>1</cols>
    <dt>d</dt>
    <data>
      3.0375343493327051e-01 8.8895729901100090e-02
      1.0013060947786337e-01</data></_>
  <_ type_id="opencv-matrix">
    <rows>3</rows>
    <cols>1</cols>
    <dt>d</dt>
    <data>
      1.6950667563571925e-01 -5.8515765643094367e-02
      2.2353018071751163e-01</data></_>
  <_ type_id="opencv-matrix">
    <rows>3</rows>
    <cols>1</cols>
    <dt>d</dt>
    <data>
      1.0926356656923124e-01 1.6187240958715488e-01
      4.1253005745971731e-02</data></_>
  <_ type_id="opencv-matrix">
    <rows>3</rows>
    <cols>1</cols>
    <dt>d</dt>
    <data>
      5.0840971008538800e-02 2.8662727609243493e-01
      -4.7574607653084293e-02</data></_>
  <_ type_id="opencv-matrix">
    <rows>3</rows>
    <cols>1</cols>
    <dt>d</dt>
    <data>
      1.2806058477047713e-01 1.2870016529940456e-01
      1.8070393507620394e-01</data></_>
  <_ type_id="opencv-matrix">
    <rows>3</rows>
    <cols>1</cols>
    <dt>d</dt>
    <data>
      -1.9571762517734478e-01 2.2677893377067823e-01
      3.6064705398753491e-02</data></_>
  <_ type_id="opencv-matrix">
    <rows>3</rows>
    <cols>1</cols>
    <dt>d</dt>
    <data>
      1.2880472607110822e-02 4.9531780386791463e-01
      1.1631741192353813e-01</data></_>
  <_ type_id="opencv-matrix">
    <rows>3</rows>
    <cols>1</cols>
    <dt>d</dt>
    <data>
      -2.6679992464623631e-01 1.5470952643349717e-01
      9.9329294516696517e-02</data></_>
  <_ type_id="opencv-matrix">
    <rows>3</rows>
    <cols>1</cols>
    <dt>d</dt>
    <data>
      -4.9128670929433592e-02 3.3414524649469897e-03
      1.4193706518933691e-01</data></_>
  <_ type_id="opencv-matrix">
    <rows>3</rows>
    <cols>1</cols>
    <dt>d</dt>
    <data>
      -9.3819121205784756e-02 3.0156919629360268e-01
      2.6177672238734320e-02</data></_></Rotation_Vector>
<Translation_vector>
  <_ type_id="opencv-matrix">
    <rows>3</rows>
    <cols>1</cols>
    <dt>d</dt>
    <data>
      -4.0591905100402608e+00 -3.6142641835758553e+00
      1.8151466194179797e+01</data></_>
  <_ type_id="opencv-matrix">
    <rows>3</rows>
    <cols>1</cols>
    <dt>d</dt>
    <data>
      -3.0340455470959729e+00 -3.0588955360696066e+00
      1.6199495952883836e+01</data></_>
  <_ type_id="opencv-matrix">
    <rows>3</rows>
    <cols>1</cols>
    <dt>d</dt>
    <data>
      -3.3940834645285114e+00 -2.3411702692481806e+00
      1.4888069566511822e+01</data></_>
  <_ type_id="opencv-matrix">
    <rows>3</rows>
    <cols>1</cols>
    <dt>d</dt>
    <data>
      -3.0626291101376495e+00 -3.6061322195179448e+00
      1.3944018146999973e+01</data></_>
  <_ type_id="opencv-matrix">
    <rows>3</rows>
    <cols>1</cols>
    <dt>d</dt>
    <data>
      -3.2269333542607885e+00 -1.2537595426658776e+00
      1.4586339613176943e+01</data></_>
  <_ type_id="opencv-matrix">
    <rows>3</rows>
    <cols>1</cols>
    <dt>d</dt>
    <data>
      -5.8045796674548749e+00 -1.1248864809101760e+00
      1.6076771196908144e+01</data></_>
  <_ type_id="opencv-matrix">
    <rows>3</rows>
    <cols>1</cols>
    <dt>d</dt>
    <data>
      -5.6783889803751650e+00 -3.7145261882038967e+00
      1.7764352296265390e+01</data></_>
  <_ type_id="opencv-matrix">
    <rows>3</rows>
    <cols>1</cols>
    <dt>d</dt>
    <data>
      2.4018046047743398e+00 -6.3139235855636153e+00
      2.1733923535945362e+01</data></_>
  <_ type_id="opencv-matrix">
    <rows>3</rows>
    <cols>1</cols>
    <dt>d</dt>
    <data>
      1.1785189970105363e+00 -5.0582664473863870e-01
      2.4651109988836563e+01</data></_>
  <_ type_id="opencv-matrix">
    <rows>3</rows>
    <cols>1</cols>
    <dt>d</dt>
    <data>
      -1.0472846225905676e+00 -4.2552226841074701e+00
      1.8531060084720878e+01</data></_>
  <_ type_id="opencv-matrix">
    <rows>3</rows>
    <cols>1</cols>
    <dt>d</dt>
    <data>
      -1.6964346259478695e+00 -1.4088072551091544e+00
      2.0828391448269794e+01</data></_>
  <_ type_id="opencv-matrix">
    <rows>3</rows>
    <cols>1</cols>
    <dt>d</dt>
    <data>
      -3.1328844362114490e+00 -4.8703838487845141e+00
      2.0932832795269345e+01</data></_>
  <_ type_id="opencv-matrix">
    <rows>3</rows>
    <cols>1</cols>
    <dt>d</dt>
    <data>
      -4.8169272676272934e+00 -1.3221102825672610e+00
      1.8495970809461937e+01</data></_>
  <_ type_id="opencv-matrix">
    <rows>3</rows>
    <cols>1</cols>
    <dt>d</dt>
    <data>
      -5.0444309295880299e+00 -2.0635917455682447e+00
      1.5593773641165257e+01</data></_>
  <_ type_id="opencv-matrix">
    <rows>3</rows>
    <cols>1</cols>
    <dt>d</dt>
    <data>
      -3.4912833036379918e+00 -2.5016667150203338e+00
      1.3101741212918217e+01</data></_></Translation_vector>
<image_size>
  640 480</image_size>
<pattern_size>
  5 4</pattern_size>
<n_frames>15</n_frames>
<asy>0</asy>
<thresholds>
  107. 90. 89. 97. 87. 86. 93. 105. 115. 100. 140. 117. 143. 113. 114.</thresholds>
<sizes>
  253 210 281 227 307 265 338 284 307 248 269 241 270 242 209 177 193
  161 272 237 239 196 218 200 277 234 315 276 371 326</sizes>
