<?xml version="1.0"?>
<opencv_storage>
<Calibrate_Accuracy>2.1498388487646602e-01</Calibrate_Accuracy>
<Camera_Matrix type_id="opencv-matrix">
  <rows>3</rows>
  <cols>3</cols>
  <dt>d</dt>
  <data>
    6.4913353494784326e+02 0. 3.4608841240612918e+02 0.
    6.5295498708488981e+02 2.3168566785664638e+02 0. 0. 1.</data></Camera_Matrix>
<Distortion_Coefficients type_id="opencv-matrix">
  <rows>5</rows>
  <cols>1</cols>
  <dt>d</dt>
  <data>
    2.4921763614739498e-02 -9.7155645029953844e-03 0. 0.
    -2.6096040620357436e-01</data></Distortion_Coefficients>
<Rotation_Vector>
  <_ type_id="opencv-matrix">
    <rows>3</rows>
    <cols>1</cols>
    <dt>d</dt>
    <data>
      -1.7240501775453529e-01 -1.0229691897224094e-01
      -1.3434693196286851e-02</data></_>
  <_ type_id="opencv-matrix">
    <rows>3</rows>
    <cols>1</cols>
    <dt>d</dt>
    <data>
      -1.8039739632069732e-01 -2.5856868630843011e-01
      -2.6913451694024391e-02</data></_>
  <_ type_id="opencv-matrix">
    <rows>3</rows>
    <cols>1</cols>
    <dt>d</dt>
    <data>
      1.2642755819441207e-01 -1.9986346373246761e-01
      -2.0001887079712236e-02</data></_>
  <_ type_id="opencv-matrix">
    <rows>3</rows>
    <cols>1</cols>
    <dt>d</dt>
    <data>
      -2.5043662094146385e-01 3.5828519919048590e-02
      1.5607005517585448e-01</data></_>
  <_ type_id="opencv-matrix">
    <rows>3</rows>
    <cols>1</cols>
    <dt>d</dt>
    <data>
      -3.4049811617956260e-01 4.3996989738269793e-02
      5.9848135328979937e-02</data></_>
  <_ type_id="opencv-matrix">
    <rows>3</rows>
    <cols>1</cols>
    <dt>d</dt>
    <data>
      -2.8443994866560957e-01 2.5149485416685900e-02
      -9.3563699911231604e-02</data></_>
  <_ type_id="opencv-matrix">
    <rows>3</rows>
    <cols>1</cols>
    <dt>d</dt>
    <data>
      -5.6295608581425176e-02 1.4609720311285879e-01
      1.0195801018208470e-01</data></_>
  <_ type_id="opencv-matrix">
    <rows>3</rows>
    <cols>1</cols>
    <dt>d</dt>
    <data>
      -2.0561211227130100e-01 -1.6524816714532206e-01
      1.6767264229833703e-01</data></_>
  <_ type_id="opencv-matrix">
    <rows>3</rows>
    <cols>1</cols>
    <dt>d</dt>
    <data>
      -2.0899579532391388e-01 -9.2556501116826215e-02
      2.4372397590100778e-01</data></_>
  <_ type_id="opencv-matrix">
    <rows>3</rows>
    <cols>1</cols>
    <dt>d</dt>
    <data>
      -2.2981335278883624e-01 -1.3828987606511392e-01
      1.2921037080618214e-01</data></_>
  <_ type_id="opencv-matrix">
    <rows>3</rows>
    <cols>1</cols>
    <dt>d</dt>
    <data>
      -1.6285347701360542e-01 -5.6034429837251709e-02
      7.8440020438292374e-02</data></_>
  <_ type_id="opencv-matrix">
    <rows>3</rows>
    <cols>1</cols>
    <dt>d</dt>
    <data>
      -1.7683006212491967e-01 -5.6523853866716642e-02
      1.0314068776753291e-02</data></_>
  <_ type_id="opencv-matrix">
    <rows>3</rows>
    <cols>1</cols>
    <dt>d</dt>
    <data>
      -1.4179014486267205e-01 8.9496272834652058e-02
      -3.6987761163985541e-02</data></_>
  <_ type_id="opencv-matrix">
    <rows>3</rows>
    <cols>1</cols>
    <dt>d</dt>
    <data>
      -1.1377669423967995e-01 2.3231743916776232e-01
      9.7572601991261568e-02</data></_>
  <_ type_id="opencv-matrix">
    <rows>3</rows>
    <cols>1</cols>
    <dt>d</dt>
    <data>
      1.2289338283533306e-01 -4.5327854265881207e-02
      -2.1759610263216714e-01</data></_></Rotation_Vector>
<Translation_vector>
  <_ type_id="opencv-matrix">
    <rows>3</rows>
    <cols>1</cols>
    <dt>d</dt>
    <data>
      -4.3705237898211466e+00 -3.4572761863405077e+00
      2.0690837008317327e+01</data></_>
  <_ type_id="opencv-matrix">
    <rows>3</rows>
    <cols>1</cols>
    <dt>d</dt>
    <data>
      -4.5085511091451718e+00 -5.8034292006747092e+00
      2.0310398841118285e+01</data></_>
  <_ type_id="opencv-matrix">
    <rows>3</rows>
    <cols>1</cols>
    <dt>d</dt>
    <data>
      -4.2936759846356463e+00 -2.0424737317272883e+00
      1.9078660888136021e+01</data></_>
  <_ type_id="opencv-matrix">
    <rows>3</rows>
    <cols>1</cols>
    <dt>d</dt>
    <data>
      -3.4753225502301883e+00 2.0945176714611064e-02
      2.1043411732456864e+01</data></_>
  <_ type_id="opencv-matrix">
    <rows>3</rows>
    <cols>1</cols>
    <dt>d</dt>
    <data>
      -6.2053722952286243e+00 -3.8459453402379524e+00
      2.1339778608580382e+01</data></_>
  <_ type_id="opencv-matrix">
    <rows>3</rows>
    <cols>1</cols>
    <dt>d</dt>
    <data>
      -8.1232455726992665e+00 -2.1883245106222002e+00
      2.3236848321413788e+01</data></_>
  <_ type_id="opencv-matrix">
    <rows>3</rows>
    <cols>1</cols>
    <dt>d</dt>
    <data>
      2.1689605393348597e+00 1.0078415913716385e+00
      2.3463983130848259e+01</data></_>
  <_ type_id="opencv-matrix">
    <rows>3</rows>
    <cols>1</cols>
    <dt>d</dt>
    <data>
      -3.4207550774876201e+00 -3.2827907607011650e+00
      1.3141098240591871e+01</data></_>
  <_ type_id="opencv-matrix">
    <rows>3</rows>
    <cols>1</cols>
    <dt>d</dt>
    <data>
      -3.4655560972673869e+00 -2.2298202099875457e+00
      1.3960659706457072e+01</data></_>
  <_ type_id="opencv-matrix">
    <rows>3</rows>
    <cols>1</cols>
    <dt>d</dt>
    <data>
      -4.0843910062870732e+00 -2.0557366091205882e+00
      1.3729249368948368e+01</data></_>
  <_ type_id="opencv-matrix">
    <rows>3</rows>
    <cols>1</cols>
    <dt>d</dt>
    <data>
      -6.8819655332808178e+00 -2.0425179126183672e+00
      1.3748322820060762e+01</data></_>
  <_ type_id="opencv-matrix">
    <rows>3</rows>
    <cols>1</cols>
    <dt>d</dt>
    <data>
      -6.8877210134241951e+00 -4.3831920321610971e+00
      1.3969233391079904e+01</data></_>
  <_ type_id="opencv-matrix">
    <rows>3</rows>
    <cols>1</cols>
    <dt>d</dt>
    <data>
      -5.2270927582604509e-01 -4.1855335834439469e+00
      1.5599691635704623e+01</data></_>
  <_ type_id="opencv-matrix">
    <rows>3</rows>
    <cols>1</cols>
    <dt>d</dt>
    <data>
      -2.6808810348696697e+00 -2.5910223892770423e+00
      1.1769760425576477e+01</data></_>
  <_ type_id="opencv-matrix">
    <rows>3</rows>
    <cols>1</cols>
    <dt>d</dt>
    <data>
      -3.7775478625777503e+00 -1.7186691734185637e+00
      9.0320891124573652e+00</data></_></Translation_vector>
<image_size>
  640 480</image_size>
<pattern_size>
  5 4</pattern_size>
<n_frames>15</n_frames>
<asy>0</asy>
<thresholds>
  115. 106. 96. 125. 145. 150. 116. 99. 102. 106. 112. 125. 120. 132.
  89.</thresholds>
<sizes>
  179 144 179 146 183 153 197 169 191 145 163 140 170 146 311 266 307
  268 296 248 294 239 282 217 254 208 352 298 433 382</sizes>
