<?xml version="1.0"?>
<opencv_storage>
<Calibrate_Accuracy>3.3873686476407933e-01</Calibrate_Accuracy>
<Camera_Matrix type_id="opencv-matrix">
  <rows>3</rows>
  <cols>3</cols>
  <dt>d</dt>
  <data>
    5.8778832236354515e+02 0. 3.2268269570518828e+02 0.
    5.8542072412929167e+02 2.2484690164486412e+02 0. 0. 1.</data></Camera_Matrix>
<Distortion_Coefficients type_id="opencv-matrix">
  <rows>5</rows>
  <cols>1</cols>
  <dt>d</dt>
  <data>
    -1.3849422272325012e-02 1.8576948596329240e-01 0. 0.
    -6.6881048191803250e-01</data></Distortion_Coefficients>
<Rotation_Vector>
  <_ type_id="opencv-matrix">
    <rows>3</rows>
    <cols>1</cols>
    <dt>d</dt>
    <data>
      -2.1111521010406101e-01 1.6133817206162995e-01
      3.0877639227247835e+00</data></_>
  <_ type_id="opencv-matrix">
    <rows>3</rows>
    <cols>1</cols>
    <dt>d</dt>
    <data>
      1.2153019227445581e-01 8.9279794804539764e-02
      -3.0784030609791078e+00</data></_>
  <_ type_id="opencv-matrix">
    <rows>3</rows>
    <cols>1</cols>
    <dt>d</dt>
    <data>
      1.3297004647432345e-01 -5.4870594144363925e-02
      2.9521123562402556e+00</data></_>
  <_ type_id="opencv-matrix">
    <rows>3</rows>
    <cols>1</cols>
    <dt>d</dt>
    <data>
      -1.4361247362234950e-01 7.9594896640151291e-02
      -3.1160799305218565e+00</data></_>
  <_ type_id="opencv-matrix">
    <rows>3</rows>
    <cols>1</cols>
    <dt>d</dt>
    <data>
      3.8951227953992490e-01 1.4198613768175547e-01
      2.9755623925421846e+00</data></_>
  <_ type_id="opencv-matrix">
    <rows>3</rows>
    <cols>1</cols>
    <dt>d</dt>
    <data>
      3.3075985037937494e-01 7.7686770117140064e-02
      3.0009897793187315e+00</data></_>
  <_ type_id="opencv-matrix">
    <rows>3</rows>
    <cols>1</cols>
    <dt>d</dt>
    <data>
      -4.4897979230810586e-01 2.9779555626729634e-03
      -2.9818709570464872e+00</data></_>
  <_ type_id="opencv-matrix">
    <rows>3</rows>
    <cols>1</cols>
    <dt>d</dt>
    <data>
      3.1446919739565682e-01 -1.5776182168851419e-01
      2.9867986131130935e+00</data></_>
  <_ type_id="opencv-matrix">
    <rows>3</rows>
    <cols>1</cols>
    <dt>d</dt>
    <data>
      -5.5001273837935050e-01 1.2278093455781684e-03
      -3.0119085160811823e+00</data></_>
  <_ type_id="opencv-matrix">
    <rows>3</rows>
    <cols>1</cols>
    <dt>d</dt>
    <data>
      -5.7808247208149011e-01 1.0094113530002911e-01
      -3.0351648306391219e+00</data></_>
  <_ type_id="opencv-matrix">
    <rows>3</rows>
    <cols>1</cols>
    <dt>d</dt>
    <data>
      -5.3328838346003349e-01 2.4822434749772196e-01
      -3.0070777576647849e+00</data></_>
  <_ type_id="opencv-matrix">
    <rows>3</rows>
    <cols>1</cols>
    <dt>d</dt>
    <data>
      -7.1181855803581229e-01 4.6147663211753287e-01
      -3.0255097401270441e+00</data></_>
  <_ type_id="opencv-matrix">
    <rows>3</rows>
    <cols>1</cols>
    <dt>d</dt>
    <data>
      -8.7571968121956745e-01 3.1753949923784680e-01
      -2.9678372718838206e+00</data></_>
  <_ type_id="opencv-matrix">
    <rows>3</rows>
    <cols>1</cols>
    <dt>d</dt>
    <data>
      -2.5453492833696550e-01 1.6587139042397137e-01
      -2.9851602988291970e+00</data></_></Rotation_Vector>
<Translation_vector>
  <_ type_id="opencv-matrix">
    <rows>3</rows>
    <cols>1</cols>
    <dt>d</dt>
    <data>
      1.7014447596584812e+00 9.8815913068380767e-01
      2.7442479164819378e+01</data></_>
  <_ type_id="opencv-matrix">
    <rows>3</rows>
    <cols>1</cols>
    <dt>d</dt>
    <data>
      -9.0942984806550375e-01 3.1881257105882019e+00
      2.6283319996166416e+01</data></_>
  <_ type_id="opencv-matrix">
    <rows>3</rows>
    <cols>1</cols>
    <dt>d</dt>
    <data>
      1.6650065678770336e+00 -5.1058569679504484e-01
      2.5961089119294112e+01</data></_>
  <_ type_id="opencv-matrix">
    <rows>3</rows>
    <cols>1</cols>
    <dt>d</dt>
    <data>
      2.5879847132132592e+00 1.0760832798859697e+01
      2.8774134354386565e+01</data></_>
  <_ type_id="opencv-matrix">
    <rows>3</rows>
    <cols>1</cols>
    <dt>d</dt>
    <data>
      -3.8217704132331844e+00 7.7505232861520366e+00
      2.8490200291429968e+01</data></_>
  <_ type_id="opencv-matrix">
    <rows>3</rows>
    <cols>1</cols>
    <dt>d</dt>
    <data>
      -7.8171268399569760e-01 -4.6025831326033345e-01
      2.8760654512976448e+01</data></_>
  <_ type_id="opencv-matrix">
    <rows>3</rows>
    <cols>1</cols>
    <dt>d</dt>
    <data>
      9.0833989918673481e+00 7.5587175807448119e+00
      3.0087283534717926e+01</data></_>
  <_ type_id="opencv-matrix">
    <rows>3</rows>
    <cols>1</cols>
    <dt>d</dt>
    <data>
      1.6783498155062503e+01 3.5590612413940161e-02
      3.4823715552229345e+01</data></_>
  <_ type_id="opencv-matrix">
    <rows>3</rows>
    <cols>1</cols>
    <dt>d</dt>
    <data>
      1.5269372575787017e+01 6.2544663745477731e+00
      3.5210013147957071e+01</data></_>
  <_ type_id="opencv-matrix">
    <rows>3</rows>
    <cols>1</cols>
    <dt>d</dt>
    <data>
      5.0533272817526624e+00 8.2709030308291520e-01
      3.2792728069283719e+01</data></_>
  <_ type_id="opencv-matrix">
    <rows>3</rows>
    <cols>1</cols>
    <dt>d</dt>
    <data>
      2.9416681675236407e+00 6.8179657931883209e-01
      2.3399030717824182e+01</data></_>
  <_ type_id="opencv-matrix">
    <rows>3</rows>
    <cols>1</cols>
    <dt>d</dt>
    <data>
      -1.2481609907067175e+00 9.9324991622361158e-01
      2.4190940122328410e+01</data></_>
  <_ type_id="opencv-matrix">
    <rows>3</rows>
    <cols>1</cols>
    <dt>d</dt>
    <data>
      4.3006728586204068e-01 1.3419181030508200e+00
      2.3632094986488813e+01</data></_>
  <_ type_id="opencv-matrix">
    <rows>3</rows>
    <cols>1</cols>
    <dt>d</dt>
    <data>
      4.1633876073946734e+00 5.1852854313600139e+00
      1.8367960296595776e+01</data></_></Translation_vector>
<image_size>
  640 480</image_size>
<pattern_size>
  9 6</pattern_size>
<n_frames>14</n_frames>
<asy>0</asy>
<thresholds></thresholds>
<sizes></sizes>
