<?xml version="1.0"?>
<opencv_storage>
<Calibrate_Accuracy>3.6557518735598088e-01</Calibrate_Accuracy>
<Camera_Matrix type_id="opencv-matrix">
  <rows>3</rows>
  <cols>3</cols>
  <dt>d</dt>
  <data>
    8.3551345589229436e+02 0. 3.1596488255851727e+02 0.
    8.3428090282485164e+02 2.6238256916998068e+02 0. 0. 1.</data></Camera_Matrix>
<Distortion_Coefficients type_id="opencv-matrix">
  <rows>5</rows>
  <cols>1</cols>
  <dt>d</dt>
  <data>
    -2.8531286833157954e-01 -1.8299481771874748e-01 0. 0.
    1.4482111743945301e+00</data></Distortion_Coefficients>
<Rotation_Vector>
  <_ type_id="opencv-matrix">
    <rows>3</rows>
    <cols>1</cols>
    <dt>d</dt>
    <data>
      2.6069137741084536e-01 4.4002604034521865e-02
      1.2555562249391253e-01</data></_>
  <_ type_id="opencv-matrix">
    <rows>3</rows>
    <cols>1</cols>
    <dt>d</dt>
    <data>
      2.8828494881079303e-01 2.3144975740047077e-01
      -5.9664835483675065e-02</data></_>
  <_ type_id="opencv-matrix">
    <rows>3</rows>
    <cols>1</cols>
    <dt>d</dt>
    <data>
      -1.2558981202056349e-01 3.5291528204814106e-02
      1.2801214715411752e-01</data></_>
  <_ type_id="opencv-matrix">
    <rows>3</rows>
    <cols>1</cols>
    <dt>d</dt>
    <data>
      1.9471953454718974e-01 -1.7870807331446741e-02
      9.1596934461076973e-02</data></_>
  <_ type_id="opencv-matrix">
    <rows>3</rows>
    <cols>1</cols>
    <dt>d</dt>
    <data>
      1.8177487163284578e-01 -3.0710287128794522e-01
      -1.0052305051926098e-01</data></_>
  <_ type_id="opencv-matrix">
    <rows>3</rows>
    <cols>1</cols>
    <dt>d</dt>
    <data>
      1.1325356432044195e-01 -1.7450800263042774e-02
      -9.9469781410527439e-02</data></_>
  <_ type_id="opencv-matrix">
    <rows>3</rows>
    <cols>1</cols>
    <dt>d</dt>
    <data>
      7.9522826380193992e-02 5.7350421450815300e-02
      1.6482795134338385e-01</data></_>
  <_ type_id="opencv-matrix">
    <rows>3</rows>
    <cols>1</cols>
    <dt>d</dt>
    <data>
      8.0007104428306386e-02 3.6217484296167217e-02
      2.2445793212211640e-01</data></_>
  <_ type_id="opencv-matrix">
    <rows>3</rows>
    <cols>1</cols>
    <dt>d</dt>
    <data>
      2.7484168337481552e-01 2.8581097246578757e-01
      1.4922295388105872e-01</data></_>
  <_ type_id="opencv-matrix">
    <rows>3</rows>
    <cols>1</cols>
    <dt>d</dt>
    <data>
      2.6165645878623434e-01 -2.1130658840175114e-02
      7.3975120124109964e-02</data></_>
  <_ type_id="opencv-matrix">
    <rows>3</rows>
    <cols>1</cols>
    <dt>d</dt>
    <data>
      1.9444042526233019e-01 -1.7106776550361430e-01
      6.9573633545961674e-02</data></_>
  <_ type_id="opencv-matrix">
    <rows>3</rows>
    <cols>1</cols>
    <dt>d</dt>
    <data>
      7.9921723649753487e-02 -2.8148238267177089e-01
      -7.0104167965843664e-02</data></_>
  <_ type_id="opencv-matrix">
    <rows>3</rows>
    <cols>1</cols>
    <dt>d</dt>
    <data>
      -8.2673745388050501e-02 7.2845457744741049e-02
      -6.0795247995396866e-02</data></_>
  <_ type_id="opencv-matrix">
    <rows>3</rows>
    <cols>1</cols>
    <dt>d</dt>
    <data>
      2.3885296068622269e-01 1.3249073811272129e-02
      -1.0371404385961519e-01</data></_>
  <_ type_id="opencv-matrix">
    <rows>3</rows>
    <cols>1</cols>
    <dt>d</dt>
    <data>
      1.7597392401149867e-01 3.9251169443959250e-01
      1.3066549176630088e-01</data></_>
  <_ type_id="opencv-matrix">
    <rows>3</rows>
    <cols>1</cols>
    <dt>d</dt>
    <data>
      1.5222642032744085e-01 1.6960487756356821e-02
      -1.8008654643006689e-02</data></_>
  <_ type_id="opencv-matrix">
    <rows>3</rows>
    <cols>1</cols>
    <dt>d</dt>
    <data>
      3.3939596369929126e-01 1.5929418792444960e-01
      1.6821276090986448e-01</data></_>
  <_ type_id="opencv-matrix">
    <rows>3</rows>
    <cols>1</cols>
    <dt>d</dt>
    <data>
      1.0178446271008752e-01 2.8067532112259813e-01
      1.3569676525882476e-01</data></_>
  <_ type_id="opencv-matrix">
    <rows>3</rows>
    <cols>1</cols>
    <dt>d</dt>
    <data>
      1.0721207093187436e-01 1.1661006323598351e-01
      3.3560209780705778e-02</data></_>
  <_ type_id="opencv-matrix">
    <rows>3</rows>
    <cols>1</cols>
    <dt>d</dt>
    <data>
      9.7777176925819984e-02 -1.6509343338223353e-01
      -5.5954843035799763e-02</data></_>
  <_ type_id="opencv-matrix">
    <rows>3</rows>
    <cols>1</cols>
    <dt>d</dt>
    <data>
      -3.4954657213790757e-01 1.5087857372409105e-01
      -5.6717684041240161e-03</data></_>
  <_ type_id="opencv-matrix">
    <rows>3</rows>
    <cols>1</cols>
    <dt>d</dt>
    <data>
      -1.3171399808780970e-01 1.5178529295379387e-01
      -2.4971657867518701e-02</data></_>
  <_ type_id="opencv-matrix">
    <rows>3</rows>
    <cols>1</cols>
    <dt>d</dt>
    <data>
      2.0706519023863920e-01 9.1998929357981957e-02
      9.7520050693325838e-02</data></_>
  <_ type_id="opencv-matrix">
    <rows>3</rows>
    <cols>1</cols>
    <dt>d</dt>
    <data>
      2.4436598853080349e-01 -4.8140255169415794e-02
      -9.2862230876751203e-02</data></_></Rotation_Vector>
