<?xml version="1.0"?>
<opencv_storage>
<Calibrate_Accuracy>3.0080037931746928e-01</Calibrate_Accuracy>
<Camera_Matrix type_id="opencv-matrix">
  <rows>3</rows>
  <cols>3</cols>
  <dt>d</dt>
  <data>
    8.6217042837607721e+02 0. 3.1146505723985518e+02 0.
    8.6195664321851712e+02 2.5410790905593836e+02 0. 0. 1.</data></Camera_Matrix>
<Distortion_Coefficients type_id="opencv-matrix">
  <rows>5</rows>
  <cols>1</cols>
  <dt>d</dt>
  <data>
    -3.3730727174926861e-01 -1.8162356045948636e-01 0. 0.
    1.0354985313417389e+00</data></Distortion_Coefficients>
<Rotation_Vector>
  <_ type_id="opencv-matrix">
    <rows>3</rows>
    <cols>1</cols>
    <dt>d</dt>
    <data>
      2.5654908002085142e-01 5.5597596076312622e-02
      1.2545415897309767e-01</data></_>
  <_ type_id="opencv-matrix">
    <rows>3</rows>
    <cols>1</cols>
    <dt>d</dt>
    <data>
      2.7326481008419079e-01 2.5066606347064035e-01
      -6.1585273066508496e-02</data></_>
  <_ type_id="opencv-matrix">
    <rows>3</rows>
    <cols>1</cols>
    <dt>d</dt>
    <data>
      -1.2417540339728930e-01 3.3089631321108842e-02
      1.2799886058518994e-01</data></_>
  <_ type_id="opencv-matrix">
    <rows>3</rows>
    <cols>1</cols>
    <dt>d</dt>
    <data>
      1.8088135528632390e-01 -3.0137654597870922e-01
      -9.7907280117219636e-02</data></_>
  <_ type_id="opencv-matrix">
    <rows>3</rows>
    <cols>1</cols>
    <dt>d</dt>
    <data>
      1.0140262684382698e-01 -5.3878879061730160e-03
      -9.8685789493424464e-02</data></_>
  <_ type_id="opencv-matrix">
    <rows>3</rows>
    <cols>1</cols>
    <dt>d</dt>
    <data>
      1.0157767588644918e-01 1.1152714587928758e-01
      1.6661062987755229e-01</data></_>
  <_ type_id="opencv-matrix">
    <rows>3</rows>
    <cols>1</cols>
    <dt>d</dt>
    <data>
      9.7395639665930248e-02 6.9660602911369732e-02
      2.2477299041222659e-01</data></_>
  <_ type_id="opencv-matrix">
    <rows>3</rows>
    <cols>1</cols>
    <dt>d</dt>
    <data>
      2.6610547179434008e-01 2.9073710092350163e-01
      1.4553163517968740e-01</data></_>
  <_ type_id="opencv-matrix">
    <rows>3</rows>
    <cols>1</cols>
    <dt>d</dt>
    <data>
      2.7736342687519772e-01 -2.2329547867755276e-02
      7.4510288738206379e-02</data></_>
  <_ type_id="opencv-matrix">
    <rows>3</rows>
    <cols>1</cols>
    <dt>d</dt>
    <data>
      1.8437871376332057e-01 -1.7308854385978287e-01
      6.9312107682141605e-02</data></_>
  <_ type_id="opencv-matrix">
    <rows>3</rows>
    <cols>1</cols>
    <dt>d</dt>
    <data>
      6.7311222933813600e-02 -2.6853380423930850e-01
      -6.7520161736552897e-02</data></_>
  <_ type_id="opencv-matrix">
    <rows>3</rows>
    <cols>1</cols>
    <dt>d</dt>
    <data>
      -1.2770737629092493e-01 1.4648231933355063e-01
      -6.3187924781831190e-02</data></_>
  <_ type_id="opencv-matrix">
    <rows>3</rows>
    <cols>1</cols>
    <dt>d</dt>
    <data>
      2.2662396949876859e-01 3.2018768137581199e-02
      -1.0445625915052668e-01</data></_>
  <_ type_id="opencv-matrix">
    <rows>3</rows>
    <cols>1</cols>
    <dt>d</dt>
    <data>
      1.6916108021324039e-01 3.9951786343022117e-01
      1.2851009375259836e-01</data></_>
  <_ type_id="opencv-matrix">
    <rows>3</rows>
    <cols>1</cols>
    <dt>d</dt>
    <data>
      1.9205339082663100e-01 3.0615817399282031e-02
      -1.5184375768942658e-02</data></_>
  <_ type_id="opencv-matrix">
    <rows>3</rows>
    <cols>1</cols>
    <dt>d</dt>
    <data>
      3.3681654512047915e-01 1.8475920617471966e-01
      1.6431261173447853e-01</data></_>
  <_ type_id="opencv-matrix">
    <rows>3</rows>
    <cols>1</cols>
    <dt>d</dt>
    <data>
      9.4008523990258955e-02 2.8880925638240817e-01
      1.3328776349121763e-01</data></_>
  <_ type_id="opencv-matrix">
    <rows>3</rows>
    <cols>1</cols>
    <dt>d</dt>
    <data>
      1.0478120775101724e-01 1.1134481026236297e-01
      3.3560079292280269e-02</data></_>
  <_ type_id="opencv-matrix">
    <rows>3</rows>
    <cols>1</cols>
    <dt>d</dt>
    <data>
      8.9363918877804288e-02 -1.5192047728539421e-01
      -5.4668834184528822e-02</data></_>
  <_ type_id="opencv-matrix">
    <rows>3</rows>
    <cols>1</cols>
    <dt>d</dt>
    <data>
      -3.6410264194935293e-01 1.5191173148169601e-01
      -6.5817587451567176e-03</data></_>
  <_ type_id="opencv-matrix">
    <rows>3</rows>
    <cols>1</cols>
    <dt>d</dt>
    <data>
      -1.4658698611838775e-01 1.5441539852541167e-01
      -2.5588536556103554e-02</data></_>
  <_ type_id="opencv-matrix">
    <rows>3</rows>
    <cols>1</cols>
    <dt>d</dt>
    <data>
      2.0274842446779212e-01 6.4037057956420826e-02
      9.9811897585565884e-02</data></_>
  <_ type_id="opencv-matrix">
    <rows>3</rows>
    <cols>1</cols>
    <dt>d</dt>
    <data>
      2.4179826416394354e-01 -2.6610222720815407e-02
      -9.3647191160174878e-02</data></_></Rotation_Vector>
