<?xml version="1.0"?>
<opencv_storage>
<Calibrate_Accuracy>1.5275743545177156e-01</Calibrate_Accuracy>
<Camera_Matrix type_id="opencv-matrix">
  <rows>3</rows>
  <cols>3</cols>
  <dt>d</dt>
  <data>
    5.8039366102600309e+02 0. 3.4671827997642066e+02 0.
    5.8354512105780043e+02 2.3850056768565153e+02 0. 0. 1.</data></Camera_Matrix>
<Distortion_Coefficients type_id="opencv-matrix">
  <rows>5</rows>
  <cols>1</cols>
  <dt>d</dt>
  <data>
    -1.2195794282414447e-02 1.0335649886587174e-01 0. 0.
    -1.6379241967116584e-01</data></Distortion_Coefficients>
<Rotation_Vector>
  <_ type_id="opencv-matrix">
    <rows>3</rows>
    <cols>1</cols>
    <dt>d</dt>
    <data>
      -1.5830293359143568e-01 -1.0261544679458369e-01
      -1.4110566178163588e-02</data></_>
  <_ type_id="opencv-matrix">
    <rows>3</rows>
    <cols>1</cols>
    <dt>d</dt>
    <data>
      -1.5891667196380507e-01 -2.5974479068001016e-01
      -3.1975661202668350e-02</data></_>
  <_ type_id="opencv-matrix">
    <rows>3</rows>
    <cols>1</cols>
    <dt>d</dt>
    <data>
      1.2516079469948205e-01 -2.1928040450993663e-01
      -2.1450660229433569e-02</data></_>
  <_ type_id="opencv-matrix">
    <rows>3</rows>
    <cols>1</cols>
    <dt>d</dt>
    <data>
      -2.5456017101125006e-01 2.5306417009133032e-02
      1.5527860208459363e-01</data></_>
  <_ type_id="opencv-matrix">
    <rows>3</rows>
    <cols>1</cols>
    <dt>d</dt>
    <data>
      -3.2180426919690042e-01 3.8210042159785670e-02
      5.8003116962682635e-02</data></_>
  <_ type_id="opencv-matrix">
    <rows>3</rows>
    <cols>1</cols>
    <dt>d</dt>
    <data>
      -2.6840861234972241e-01 1.2662483393717712e-02
      -9.7215522781806368e-02</data></_>
  <_ type_id="opencv-matrix">
    <rows>3</rows>
    <cols>1</cols>
    <dt>d</dt>
    <data>
      -4.2800899818364151e-02 1.2337442407393306e-01
      1.0083124408509883e-01</data></_>
  <_ type_id="opencv-matrix">
    <rows>3</rows>
    <cols>1</cols>
    <dt>d</dt>
    <data>
      -2.1666596404960370e-01 -1.5361061154907685e-01
      1.2780689580792784e-01</data></_>
  <_ type_id="opencv-matrix">
    <rows>3</rows>
    <cols>1</cols>
    <dt>d</dt>
    <data>
      -1.3630011097158631e-01 -5.8021196199560948e-02
      7.8476161773091802e-02</data></_>
  <_ type_id="opencv-matrix">
    <rows>3</rows>
    <cols>1</cols>
    <dt>d</dt>
    <data>
      -1.6078249196592950e-01 -6.0263635064085393e-02
      8.4239622702109388e-03</data></_>
  <_ type_id="opencv-matrix">
    <rows>3</rows>
    <cols>1</cols>
    <dt>d</dt>
    <data>
      -1.2379831564801315e-01 1.0198279207302974e-01
      -3.5248702847076180e-02</data></_>
  <_ type_id="opencv-matrix">
    <rows>3</rows>
    <cols>1</cols>
    <dt>d</dt>
    <data>
      -1.1595330916654267e-01 2.2665589079220150e-01
      9.8261553067380963e-02</data></_></Rotation_Vector>
<Translation_vector>
  <_ type_id="opencv-matrix">
    <rows>3</rows>
    <cols>1</cols>
    <dt>d</dt>
    <data>
      -4.3867475306204273e+00 -3.6793396012302777e+00
      1.8476897272263592e+01</data></_>
  <_ type_id="opencv-matrix">
    <rows>3</rows>
    <cols>1</cols>
    <dt>d</dt>
    <data>
      -4.5207018186915375e+00 -6.0098310393638217e+00
      1.8046781541141311e+01</data></_>
  <_ type_id="opencv-matrix">
    <rows>3</rows>
    <cols>1</cols>
    <dt>d</dt>
    <data>
      -4.2847911255864615e+00 -2.2395806806216627e+00
      1.6916260596554629e+01</data></_>
  <_ type_id="opencv-matrix">
    <rows>3</rows>
    <cols>1</cols>
    <dt>d</dt>
    <data>
      -3.5034401175973056e+00 -1.9013039533962567e-01
      1.8871797290939313e+01</data></_>
  <_ type_id="opencv-matrix">
    <rows>3</rows>
    <cols>1</cols>
    <dt>d</dt>
    <data>
      -6.2437707361041612e+00 -4.0726247177953674e+00
      1.9082932670446912e+01</data></_>
  <_ type_id="opencv-matrix">
    <rows>3</rows>
    <cols>1</cols>
    <dt>d</dt>
    <data>
      -8.1780363001857186e+00 -2.4362503134511275e+00
      2.0779749000031863e+01</data></_>
  <_ type_id="opencv-matrix">
    <rows>3</rows>
    <cols>1</cols>
    <dt>d</dt>
    <data>
      2.1140382727149123e+00 7.6544757249369810e-01
      2.0848517009434197e+01</data></_>
  <_ type_id="opencv-matrix">
    <rows>3</rows>
    <cols>1</cols>
    <dt>d</dt>
    <data>
      -4.0832818038469254e+00 -2.2025162414178672e+00
      1.2214785119889578e+01</data></_>
  <_ type_id="opencv-matrix">
    <rows>3</rows>
    <cols>1</cols>
    <dt>d</dt>
    <data>
      -6.8923958991995802e+00 -2.1861053685121941e+00
      1.2253285376672164e+01</data></_>
  <_ type_id="opencv-matrix">
    <rows>3</rows>
    <cols>1</cols>
    <dt>d</dt>
    <data>
      -6.8990535363643204e+00 -4.5345379228716718e+00
      1.2463208547535096e+01</data></_>
  <_ type_id="opencv-matrix">
    <rows>3</rows>
    <cols>1</cols>
    <dt>d</dt>
    <data>
      -5.3699863568979322e-01 -4.3580585037557826e+00
      1.4002623495773159e+01</data></_>
  <_ type_id="opencv-matrix">
    <rows>3</rows>
    <cols>1</cols>
    <dt>d</dt>
    <data>
      -2.7081506172475445e+00 -2.7077041442581815e+00
      1.0599517573856097e+01</data></_></Translation_vector>
<image_size>
  640 480</image_size>
<pattern_size>
  5 4</pattern_size>
<n_frames>12</n_frames>
<asy>0</asy>
<thresholds>
  115. 106. 96. 125. 145. 150. 116. 99. 102. 106. 112. 125. 120. 132.
  89.</thresholds>
<sizes>
  179 144 179 146 183 153 197 169 191 145 163 140 170 146 311 266 307
  268 296 248 294 239 282 217 254 208 352 298 433 382</sizes>
